0036452532 1 03
0036449444 0 03
1194020160 0 03
0036449813 0 03
0036452366 0 03
0036447892 0 03
0036450447 1 05
0036448340 0 05
0036451007 0 05
0036449764 0 05
0036457128 0 05
0036455560 0 05
0036449951 1 07
0036452810 0 07
0036437691 0 07
0036449327 0 07
0036450174 0 07
0036448772 0 07
0036453300 1 10
0036453288 0 10
0036450083 0 10
0036448697 0 10
0036452457 0 10
0036448447 0 10
0036450884 1 12
0036447780 0 12
0036452782 0 12
0036452798 0 12
0036449514 0 12
0036452067 0 12
0036454696 1 18
0036449988 0 18
0036446031 0 18
0036442170 0 18
0036461463 0 18
0036455513 0 18
0036449171 0 31
0036449353 0 31
0036449187 0 31
0036454899 0 31
0036454061 0 31
0036450767 1 31
